$ANSIBLE_VAULT;1.1;AES256
39326665633136613337323538376436386533306535323462633262346434363136616530386538
3030343261363031366362303863323061663239323336360a373732613130383438363939346165
66336461366566613161613835306535643138623734346263613562656665326134383036623463
6564653139663935350a336332326466326464343835343734356664626531363538656662363130
39363535336236346638613036633965653839366663353736303139326138323064386263306461
39323835393361373837613461643461313565653362313530373533326264366637383432303930
64646134623763346363316664646233356231666530623830623862613062316234656531646561
38643038336539326438313663623362613761393432383435353836613636653335383031643537
31333366343766343332666264663533343537356261393764303132613637363162313538626136
36366536303035363530303030656562346166303530613639326338313662666265393030653864
353037323561363130653239616638386438
